
x0=[1;2];


KF2(.01,5000,.001,1,5,x0);